Pbrasilianum_draft.dkc,Pbrasilianum.dkc,PlasmoDB-44_PbergheiANKA_Genome.dkc,PlasmoDB-44_Pchabaudichabaudi_Genome.dkc,PlasmoDB-44_PcynomolgiB_Genome.dkc,PlasmoDB-44_Pfalciparum3D7_Genome.dkc,PlasmoDB-44_Pfalciparum7G8_Genome.dkc,PlasmoDB-44_PfalciparumCD01_Genome.dkc,PlasmoDB-44_PfalciparumDd2_Genome.dkc,PlasmoDB-44_PfalciparumGA01_Genome.dkc,PlasmoDB-44_PfalciparumGB4_Genome.dkc,PlasmoDB-44_PfalciparumGN01_Genome.dkc,PlasmoDB-44_PfalciparumHB3_Genome.dkc,PlasmoDB-44_PfalciparumIT_Genome.dkc,PlasmoDB-44_Pgallinaceum8A_Genome.dkc,PlasmoDB-44_PknowlesiH_Genome.dkc,PlasmoDB-44_PmalariaeUG01_Genome.dkc,PlasmoDB-44_PovalecurtisiGH01_Genome.dkc,PlasmoDB-44_PreichenowiCDC_Genome.dkc,PlasmoDB-44_PvivaxP01_Genome.dkc
0.000000e+00,7.056077e-12,1.024694e-11,1.036476e-11,1.173118e-11,1.094914e-11,1.090592e-11,1.097276e-11,1.089773e-11,1.091666e-11,1.096644e-11,1.100306e-11,1.089134e-11,1.093774e-11,1.122832e-11,1.133142e-11,7.924496e-12,1.334995e-11,1.115343e-11,1.242887e-11
7.056077e-12,0.000000e+00,1.046226e-11,1.057882e-11,1.194385e-11,1.116333e-11,1.112014e-11,1.118695e-11,1.111199e-11,1.113035e-11,1.118054e-11,1.121725e-11,1.110496e-11,1.115142e-11,1.144392e-11,1.154393e-11,2.144214e-12,1.355747e-11,1.136809e-11,1.264178e-11
1.024694e-11,1.046226e-11,0.000000e+00,7.354549e-12,9.344603e-12,8.586933e-12,8.543648e-12,8.610661e-12,8.535294e-12,8.554360e-12,8.604254e-12,8.641084e-12,8.528945e-12,8.575356e-12,8.855796e-12,8.955198e-12,1.081248e-11,1.097322e-11,8.791888e-12,1.004479e-11
1.036476e-11,1.057882e-11,7.354549e-12,0.000000e+00,9.458614e-12,8.706085e-12,8.662772e-12,8.729247e-12,8.654405e-12,8.673541e-12,8.723343e-12,8.760157e-12,8.648221e-12,8.694585e-12,8.972362e-12,9.069985e-12,1.092932e-11,1.108849e-11,8.910358e-12,1.015877e-11
1.173118e-11,1.194385e-11,9.344603e-12,9.458614e-12,0.000000e+00,1.007771e-11,1.003446e-11,1.009982e-11,1.002613e-11,1.004467e-11,1.009499e-11,1.013175e-11,1.001937e-11,1.006577e-11,1.034522e-11,1.017743e-11,1.229433e-11,1.245257e-11,1.028216e-11,1.106913e-11
1.094914e-11,1.116333e-11,8.586933e-12,8.706085e-12,1.007771e-11,0.000000e+00,7.708200e-13,8.341058e-13,8.083263e-13,8.195957e-13,8.246652e-13,8.320321e-13,8.106309e-13,8.325961e-13,9.553328e-12,9.674684e-12,1.151267e-11,1.169506e-11,5.561185e-12,1.077435e-11
1.090592e-11,1.112014e-11,8.543648e-12,8.662772e-12,1.003446e-11,7.708200e-13,0.000000e+00,8.072315e-13,7.598043e-13,7.950333e-13,7.974791e-13,8.102418e-13,7.355807e-13,7.625723e-13,9.510095e-12,9.630305e-12,1.146949e-11,1.165178e-11,5.524586e-12,1.073111e-11
1.097276e-11,1.118695e-11,8.610661e-12,8.729247e-12,1.009982e-11,8.341058e-13,8.072315e-13,0.000000e+00,8.509862e-13,8.674875e-13,8.722192e-13,8.769940e-13,8.465002e-13,8.633589e-13,9.576933e-12,9.697621e-12,1.153691e-11,1.171804e-11,5.596636e-12,1.079808e-11
1.089773e-11,1.111199e-11,8.535294e-12,8.654405e-12,1.002613e-11,8.083263e-13,7.598043e-13,8.509862e-13,0.000000e+00,8.312194e-13,8.096917e-13,8.573888e-13,7.836743e-13,6.879013e-13,9.501752e-12,9.621992e-12,1.146138e-11,1.164348e-11,5.514290e-12,1.072276e-11
1.091666e-11,1.113035e-11,8.554360e-12,8.673541e-12,1.004467e-11,8.195957e-13,7.950333e-13,8.674875e-13,8.312194e-13,0.000000e+00,8.253734e-13,8.637824e-13,8.074008e-13,8.276010e-13,9.520694e-12,9.641033e-12,1.148026e-11,1.166201e-11,5.551729e-12,1.074176e-11
1.096644e-11,1.118054e-11,8.604254e-12,8.723343e-12,1.009499e-11,8.246652e-13,7.974791e-13,8.722192e-13,8.096917e-13,8.253734e-13,0.000000e+00,8.642995e-13,8.321204e-13,8.356902e-13,9.570529e-12,9.690362e-12,1.152994e-11,1.171225e-11,5.583960e-12,1.079159e-11
1.100306e-11,1.121725e-11,8.641084e-12,8.760157e-12,1.013175e-11,8.320321e-13,8.102418e-13,8.769940e-13,8.573888e-13,8.637824e-13,8.642995e-13,0.000000e+00,8.464757e-13,8.698652e-13,9.607254e-12,9.727490e-12,1.156660e-11,1.174901e-11,5.613576e-12,1.082838e-11
1.089134e-11,1.110496e-11,8.528945e-12,8.648221e-12,1.001937e-11,8.106309e-13,7.355807e-13,8.465002e-13,7.836743e-13,8.074008e-13,8.321204e-13,8.464757e-13,0.000000e+00,7.870742e-13,9.495439e-12,9.616051e-12,1.145487e-11,1.163676e-11,5.517008e-12,1.071643e-11
1.093774e-11,1.115142e-11,8.575356e-12,8.694585e-12,1.006577e-11,8.325961e-13,7.625723e-13,8.633589e-13,6.879013e-13,8.276010e-13,8.356902e-13,8.698652e-13,7.870742e-13,0.000000e+00,9.541774e-12,9.662524e-12,1.150138e-11,1.168313e-11,5.553510e-12,1.076281e-11
1.122832e-11,1.144392e-11,8.855796e-12,8.972362e-12,1.034522e-11,9.553328e-12,9.510095e-12,9.576933e-12,9.501752e-12,9.520694e-12,9.570529e-12,9.607254e-12,9.495439e-12,9.541774e-12,0.000000e+00,9.948242e-12,1.179387e-11,1.196515e-11,9.758356e-12,1.104293e-11
1.133142e-11,1.154393e-11,8.955198e-12,9.069985e-12,1.017743e-11,9.674684e-12,9.630305e-12,9.697621e-12,9.621992e-12,9.641033e-12,9.690362e-12,9.727490e-12,9.616051e-12,9.662524e-12,9.948242e-12,0.000000e+00,1.189302e-11,1.205632e-11,9.880007e-12,1.098812e-11
7.924496e-12,2.144214e-12,1.081248e-11,1.092932e-11,1.229433e-11,1.151267e-11,1.146949e-11,1.153691e-11,1.146138e-11,1.148026e-11,1.152994e-11,1.156660e-11,1.145487e-11,1.150138e-11,1.179387e-11,1.189302e-11,0.000000e+00,1.390704e-11,1.171798e-11,1.299197e-11
1.334995e-11,1.355747e-11,1.097322e-11,1.108849e-11,1.245257e-11,1.169506e-11,1.165178e-11,1.171804e-11,1.164348e-11,1.166201e-11,1.171225e-11,1.174901e-11,1.163676e-11,1.168313e-11,1.196515e-11,1.205632e-11,1.390704e-11,0.000000e+00,1.190025e-11,1.315100e-11
1.115343e-11,1.136809e-11,8.791888e-12,8.910358e-12,1.028216e-11,5.561185e-12,5.524586e-12,5.596636e-12,5.514290e-12,5.551729e-12,5.583960e-12,5.613576e-12,5.517008e-12,5.553510e-12,9.758356e-12,9.880007e-12,1.171798e-11,1.190025e-11,0.000000e+00,1.097915e-11
1.242887e-11,1.264178e-11,1.004479e-11,1.015877e-11,1.106913e-11,1.077435e-11,1.073111e-11,1.079808e-11,1.072276e-11,1.074176e-11,1.079159e-11,1.082838e-11,1.071643e-11,1.076281e-11,1.104293e-11,1.098812e-11,1.299197e-11,1.315100e-11,1.097915e-11,0.000000e+00
